Ref: 2352 - 2025-12-04 08:12:08.643469
Ref: 2289 - 2025-12-04 08:12:11.666114
Ref: 3288 - 2025-12-04 08:12:12.900682


